2, 628, 934, 1
3, 377, 922, 1
4, 355, 895, 1
5, 199, 850, 1
6, 170, 816, 1
7, 150, 787, 1
8, 867, 714, 1
9, 64, 634, 1
10, 931, 581, 1
11, 69, 483, 1
12, 57, 468, 1
13, 35, 459, 1
13, 35, 463, 1
14, 36, 454, 1
15, 870, 434, 1
16, 110, 428, 1
17, 927, 424, 1
18, 85, 422, 1
19, 82, 413, 1
20, 63, 402, 1
21, 86, 391, 1
22, 59, 383, 1
23, 57, 363, 1
24, 64, 361, 1
25, 63, 348, 1
26, 126, 346, 1
27, 78, 334, 1
28, 128, 329, 1
29, 121, 329, 1
30, 86, 304, 1
30, 86, 304, 2
31, 109, 303, 1
31, 109, 303, 2
32, 221, 287, 1
33, 109, 282, 1
34, 101, 282, 1
34, 101, 283, 1
35, 95, 278, 1
36, 171, 277, 1
37, 110, 258, 1
38, 856, 249, 1
39, 121, 242, 1
40, 127, 238, 1
40, 127, 238, 2
41, 125, 233, 1
42, 132, 226, 1
43, 819, 222, 1
44, 772, 207, 1
45, 159, 202, 1
46, 188, 196, 1
47, 174, 187, 1
48, 167, 187, 1
49, 194, 184, 1
50, 688, 181, 1
51, 175, 175, 1
52, 209, 170, 1
53, 203, 165, 1
54, 221, 161, 1
55, 202, 159, 1
56, 211, 157, 1
57, 710, 126, 1
58, 287, 126, 1
58, 288, 126, 1
59, 717, 120, 1
60, 265, 110, 1
61, 285, 107, 1
62, 692, 102, 1
63, 631, 94, 1
64, 433, 87, 1
65, 545, 84, 1
66, 553, 74, 1
67, 453, 67, 1
67, 454, 67, 1
68, 440, 60, 1
69, 477, 57, 1
70, 533, 54, 1
71, 490, 899, 2
72, 170, 823, 2
73, 162, 766, 2
74, 870, 746, 2
75, 208, 724, 2
76, 46, 561, 2
77, 67, 528, 2
78, 53, 470, 2
79, 69, 424, 2
80, 103, 417, 2
81, 84, 356, 2
82, 87, 349, 2
83, 70, 347, 2
84, 74, 321, 2
85, 115, 283, 2
86, 105, 279, 2
87, 101, 276, 2
88, 106, 272, 2
88, 106, 273, 2
89, 194, 223, 2
90, 147, 215, 2
91, 194, 204, 2
92, 163, 197, 2
93, 236, 187, 2
94, 769, 168, 2
95, 198, 160, 2
96, 736, 157, 2
97, 288, 149, 2
98, 230, 140, 2
99, 456, 129, 2
100, 258, 127, 2
101, 337, 107, 2
101, 337, 107, 3
102, 613, 103, 2
103, 298, 98, 2
104, 635, 81, 2
105, 630, 79, 2
106, 417, 71, 2
107, 524, 69, 2
108, 649, 914, 3
109, 122, 768, 3
110, 121, 720, 3
111, 56, 499, 3
112, 88, 346, 3
113, 869, 301, 3
114, 89, 287, 3
115, 127, 270, 3
116, 191, 230, 3
117, 187, 190, 3
118, 262, 117, 3
119, 265, 113, 3
120, 376, 82, 3
121, 623, 937, 4
122, 146, 234, 4
123, 145, 216, 4
124, 232, 136, 4
125, 37, 547, 5
126, 108, 283, 5
127, 169, 230, 5
128, 158, 222, 5
129, 278, 106, 5
130, 91, 317, 6
131, 114, 248, 6
132, 150, 201, 7
133, 179, 200, 7
134, 285, 106, 15
134, 286, 107, 14
134, 286, 107, 15
134, 287, 106, 14
134, 287, 107, 14
134, 288, 107, 15
135, 284, 106, 16
135, 284, 106, 17
135, 285, 100, 15
135, 285, 100, 16
135, 285, 100, 17
135, 285, 106, 17
135, 285, 107, 16
135, 285, 107, 17
135, 286, 100, 14
135, 286, 100, 16
135, 286, 101, 14
135, 286, 101, 15
135, 286, 101, 17
135, 286, 102, 17
135, 286, 105, 17
135, 286, 106, 16
135, 286, 106, 17
135, 287, 100, 14
135, 287, 101, 16
135, 287, 101, 17
135, 287, 102, 16
135, 287, 105, 16
135, 287, 106, 16
135, 287, 107, 17
135, 288, 100, 15
135, 288, 100, 16
135, 288, 100, 17
135, 288, 101, 16
135, 288, 101, 17
135, 288, 107, 16
135, 289, 101, 15
136, 656, 480, 21
137, 592, 586, 24
138, 132, 290, 25
139, 560, 638, 27
140, 454, 806, 33
141, 419, 862, 35
142, 418, 860, 35
143, 368, 940, 38
144, 667, 97, 48
145, 284, 334, 69
145, 284, 334, 71
145, 285, 333, 70
145, 285, 334, 68
145, 285, 334, 69
145, 285, 335, 70
145, 285, 335, 71
145, 286, 328, 68
145, 286, 328, 69
145, 286, 328, 70
145, 286, 328, 71
145, 286, 332, 69
145, 286, 332, 70
145, 286, 332, 71
145, 286, 332, 72
145, 286, 333, 68
145, 286, 334, 73
145, 286, 335, 68
145, 286, 335, 71
145, 286, 335, 72
145, 286, 335, 73
145, 286, 336, 70
145, 286, 339, 70
145, 287, 328, 72
145, 287, 331, 72
145, 287, 335, 67
145, 287, 336, 69
145, 287, 336, 70
145, 287, 336, 71
145, 287, 336, 72
145, 287, 339, 69
145, 287, 339, 70
145, 287, 339, 71
145, 287, 339, 72
145, 288, 328, 68
145, 288, 328, 69
145, 288, 331, 69
145, 288, 335, 67
145, 288, 335, 68
145, 288, 335, 69
145, 288, 335, 70
145, 288, 335, 71
145, 288, 335, 72
145, 289, 328, 70
145, 289, 328, 72
145, 289, 332, 70
145, 289, 333, 72
145, 289, 334, 69
145, 289, 335, 69
145, 289, 335, 72
145, 289, 335, 73
145, 290, 328, 71
145, 290, 333, 69
145, 290, 333, 70
145, 290, 333, 71
145, 290, 334, 72
145, 290, 334, 73
145, 290, 335, 70
145, 290, 335, 71
145, 291, 334, 71
146, 287, 328, 67
147, 930, 545, 73
147, 930, 546, 73
148, 288, 328, 73
149, 287, 334, 74
150, 761, 142, 105
151, 307, 107, 171
152, 553, 794, 181
152, 553, 795, 181
152, 554, 793, 181
152, 555, 794, 181
152, 555, 795, 181
153, 548, 796, 184
153, 549, 796, 183
153, 549, 796, 184
153, 549, 796, 185
153, 549, 797, 183
153, 549, 797, 184
153, 549, 800, 184
153, 549, 803, 184
153, 550, 792, 184
153, 550, 793, 182
153, 550, 793, 183
153, 550, 794, 182
153, 550, 795, 183
153, 550, 795, 184
153, 550, 797, 185
153, 550, 799, 184
153, 550, 799, 185
153, 551, 792, 183
153, 551, 793, 182
153, 551, 795, 184
153, 551, 796, 183
153, 551, 796, 185
153, 551, 798, 185
153, 551, 799, 183
153, 551, 799, 184
153, 552, 794, 182
153, 552, 794, 184
153, 552, 795, 183
153, 553, 788, 181
153, 553, 788, 182
153, 553, 791, 182
153, 553, 792, 183
153, 553, 792, 184
153, 553, 794, 184
153, 553, 795, 182
153, 554, 788, 182
153, 554, 788, 183
153, 554, 791, 183
153, 554, 794, 182
153, 554, 795, 183
153, 555, 795, 182
154, 552, 792, 185
155, 389, 68, 219
155, 389, 68, 220
155, 389, 68, 221
155, 389, 68, 222
155, 389, 69, 222
155, 389, 70, 219
155, 389, 74, 220
155, 389, 75, 220
155, 389, 75, 221
155, 390, 68, 218
155, 390, 69, 220
155, 390, 71, 219
155, 390, 73, 220
155, 390, 75, 218
155, 390, 75, 219
155, 391, 71, 222
155, 391, 75, 222
155, 392, 70, 222
155, 392, 71, 218
155, 392, 75, 218
155, 392, 75, 222
155, 393, 68, 218
155, 393, 70, 218
155, 393, 71, 219
155, 393, 71, 220
155, 393, 72, 221
155, 393, 75, 219
155, 393, 75, 220
155, 393, 75, 221
155, 394, 68, 219
155, 394, 68, 220
155, 394, 68, 221
155, 394, 68, 222
155, 394, 70, 219
155, 394, 70, 220
155, 394, 71, 221
156, 788, 580, 233
156, 788, 580, 234
156, 788, 581, 232
156, 788, 581, 233
156, 788, 581, 234
156, 788, 585, 232
156, 788, 587, 234
156, 789, 580, 234
156, 789, 581, 232
156, 789, 581, 235
156, 789, 582, 233
156, 789, 582, 234
156, 789, 585, 233
156, 789, 586, 234
156, 789, 587, 234
156, 789, 587, 235
156, 790, 576, 234
156, 790, 579, 234
156, 790, 580, 231
156, 790, 580, 232
156, 790, 581, 230
156, 790, 582, 229
156, 790, 582, 231
156, 790, 585, 229
156, 790, 585, 230
156, 790, 585, 232
156, 790, 587, 235
156, 790, 588, 234
156, 790, 591, 234
156, 791, 580, 226
156, 791, 580, 227
156, 791, 580, 229
156, 791, 580, 230
156, 791, 580, 233
156, 791, 581, 229
156, 791, 581, 235
156, 791, 581, 236
156, 791, 582, 228
156, 791, 583, 231
156, 791, 585, 227
156, 791, 586, 228
156, 791, 586, 229
156, 791, 586, 230
156, 791, 586, 232
156, 791, 586, 236
156, 791, 586, 237
156, 791, 587, 233
156, 791, 588, 235
156, 791, 589, 229
156, 791, 590, 230
156, 791, 591, 231
156, 791, 591, 232
156, 791, 591, 233
156, 791, 591, 235
156, 792, 576, 229
156, 792, 576, 235
156, 792, 577, 236
156, 792, 578, 233
156, 792, 579, 229
156, 792, 579, 233
156, 792, 580, 226
156, 792, 580, 230
156, 792, 580, 231
156, 792, 580, 232
156, 792, 580, 235
156, 792, 580, 236
156, 792, 581, 237
156, 792, 585, 227
156, 792, 585, 237
156, 792, 586, 236
156, 792, 586, 237
156, 792, 587, 228
156, 792, 590, 229
156, 792, 591, 228
156, 792, 591, 229
156, 792, 591, 230
156, 793, 576, 230
156, 793, 576, 231
156, 793, 576, 232
156, 793, 576, 233
156, 793, 576, 237
156, 793, 576, 238
156, 793, 577, 233
156, 793, 579, 230
156, 793, 579, 231
156, 793, 579, 232
156, 793, 580, 226
156, 793, 580, 227
156, 793, 580, 237
156, 793, 581, 226
156, 793, 583, 226
156, 793, 583, 238
156, 793, 584, 225
156, 793, 586, 224
156, 793, 587, 224
156, 793, 587, 225
156, 793, 587, 236
156, 793, 587, 237
156, 793, 591, 228
156, 793, 591, 229
156, 793, 591, 230
156, 793, 591, 233
156, 793, 591, 236
156, 794, 576, 226
156, 794, 576, 227
156, 794, 576, 228
156, 794, 577, 236
156, 794, 577, 238
156, 794, 579, 226
156, 794, 579, 227
156, 794, 579, 228
156, 794, 580, 225
156, 794, 582, 238
156, 794, 583, 225
156, 794, 584, 226
156, 794, 586, 223
156, 794, 586, 224
156, 794, 587, 223
156, 794, 587, 227
156, 794, 588, 225
156, 794, 590, 227
156, 794, 591, 225
156, 794, 591, 226
156, 794, 591, 231
156, 794, 591, 234
156, 794, 592, 228
156, 794, 592, 229
156, 794, 592, 230
156, 794, 592, 233
156, 794, 595, 228
156, 794, 595, 229
156, 794, 595, 230
156, 794, 595, 233
156, 795, 576, 225
156, 795, 576, 236
156, 795, 578, 238
156, 795, 579, 225
156, 795, 580, 224
156, 795, 583, 238
156, 795, 585, 224
156, 795, 587, 223
156, 795, 591, 227
156, 795, 591, 232
156, 795, 592, 231
156, 795, 592, 234
156, 795, 595, 231
156, 795, 595, 234
156, 796, 576, 238
156, 796, 577, 238
156, 796, 587, 223
156, 796, 591, 234
156, 796, 592, 232
156, 796, 595, 232
156, 797, 577, 238
156, 797, 592, 228
156, 797, 592, 229
156, 797, 592, 230
156, 797, 592, 233
156, 797, 595, 228
156, 797, 595, 229
156, 797, 595, 230
156, 797, 595, 233
156, 798, 588, 225
156, 798, 591, 225
156, 798, 591, 228
156, 798, 591, 229
156, 798, 591, 230
156, 798, 591, 233
156, 798, 591, 235
156, 798, 592, 231
156, 798, 592, 232
156, 798, 595, 231
156, 798, 595, 232
156, 799, 580, 224
156, 799, 586, 224
156, 799, 587, 225
156, 799, 590, 235
156, 799, 591, 231
156, 799, 591, 232
156, 799, 591, 234
156, 800, 576, 225
156, 800, 576, 232
156, 800, 582, 225
156, 800, 582, 237
156, 800, 584, 225
156, 800, 586, 237
156, 800, 587, 224
156, 800, 587, 225
156, 800, 588, 235
156, 800, 588, 236
156, 800, 590, 234
156, 800, 590, 235
156, 800, 591, 236
156, 801, 572, 232
156, 801, 575, 232
156, 801, 576, 226
156, 801, 576, 231
156, 801, 576, 237
156, 801, 579, 226
156, 801, 579, 237
156, 801, 581, 237
156, 801, 583, 225
156, 801, 583, 236
156, 801, 587, 235
156, 801, 587, 236
156, 801, 587, 237
156, 802, 572, 231
156, 802, 575, 231
156, 802, 576, 232
156, 802, 576, 236
156, 802, 580, 226
156, 802, 580, 236
156, 802, 580, 237
156, 802, 581, 237
156, 802, 582, 236
156, 802, 585, 227
156, 802, 588, 228
156, 802, 588, 229
156, 802, 588, 231
156, 802, 588, 232
156, 802, 588, 234
156, 802, 590, 227
156, 802, 590, 234
156, 802, 591, 226
156, 802, 591, 228
156, 802, 591, 229
156, 802, 591, 230
156, 802, 591, 231
156, 802, 591, 232
156, 803, 576, 227
156, 803, 576, 228
156, 803, 576, 231
156, 803, 576, 234
156, 803, 576, 235
156, 803, 577, 228
156, 803, 577, 234
156, 803, 577, 235
156, 803, 579, 228
156, 803, 579, 235
156, 803, 581, 236
156, 803, 582, 236
156, 803, 584, 227
156, 803, 584, 229
156, 803, 584, 230
156, 803, 584, 231
156, 803, 585, 235
156, 803, 587, 228
156, 803, 587, 229
156, 803, 587, 231
156, 803, 587, 232
156, 803, 587, 235
156, 803, 590, 230
156, 803, 591, 227
156, 804, 576, 229
156, 804, 578, 228
156, 804, 578, 230
156, 804, 578, 234
156, 804, 578, 235
156, 804, 581, 234
156, 804, 582, 229
156, 804, 582, 230
156, 804, 582, 231
156, 804, 583, 229
156, 804, 583, 230
156, 804, 583, 231
156, 804, 583, 234
156, 804, 584, 233
156, 804, 586, 234
156, 804, 586, 235
156, 804, 591, 233
156, 805, 576, 230
156, 805, 576, 231
156, 805, 576, 232
156, 805, 576, 233
156, 805, 577, 230
156, 805, 581, 231
156, 805, 581, 232
156, 805, 582, 234
156, 805, 583, 229
156, 805, 583, 230
156, 805, 583, 232
156, 805, 583, 233
156, 805, 587, 232
156, 806, 582, 232
157, 390, 68, 223
157, 390, 69, 223
157, 391, 70, 223
157, 392, 68, 223
157, 392, 69, 223
158, 235, 685, 238
158, 237, 680, 238
158, 237, 683, 238
158, 237, 684, 238
158, 237, 687, 238
158, 239, 686, 238
158, 239, 687, 238
159, 797, 586, 238
159, 798, 587, 238
160, 801, 580, 238
161, 232, 685, 240
161, 232, 687, 240
161, 232, 691, 241
161, 233, 680, 240
161, 233, 680, 241
161, 233, 680, 242
161, 233, 680, 243
161, 233, 680, 244
161, 233, 680, 245
161, 233, 684, 240
161, 233, 685, 239
161, 233, 687, 243
161, 233, 687, 244
161, 233, 687, 245
161, 233, 688, 240
161, 233, 690, 241
161, 233, 691, 240
161, 233, 691, 242
161, 234, 680, 239
161, 234, 681, 245
161, 234, 684, 239
161, 234, 686, 245
161, 235, 687, 243
161, 235, 687, 244
161, 236, 680, 242
161, 236, 688, 239
161, 236, 688, 243
161, 236, 688, 244
161, 236, 691, 239
161, 236, 691, 243
161, 236, 691, 244
161, 237, 676, 242
161, 237, 679, 242
161, 237, 687, 243
161, 237, 687, 244
161, 238, 680, 242
161, 239, 680, 239
161, 239, 681, 245
161, 239, 685, 239
161, 239, 687, 245
161, 239, 688, 239
161, 239, 688, 240
161, 239, 691, 239
161, 239, 691, 240
161, 240, 680, 244
161, 240, 680, 245
161, 240, 687, 239
161, 240, 687, 240
161, 240, 687, 244
161, 240, 688, 241
161, 240, 688, 242
161, 240, 691, 241
161, 240, 691, 242
161, 241, 680, 243
161, 241, 681, 240
161, 241, 681, 241
161, 241, 681, 242
161, 241, 685, 241
161, 241, 685, 242
161, 241, 686, 240
161, 241, 687, 239
161, 241, 687, 241
161, 241, 687, 243
161, 242, 680, 240
161, 242, 680, 241
161, 242, 680, 242
161, 242, 686, 241
161, 242, 686, 242
161, 242, 687, 239
161, 242, 687, 240
161, 242, 687, 241
162, 859, 500, 240
162, 860, 500, 239
162, 860, 500, 240
162, 860, 501, 240
163, 856, 500, 241
163, 857, 501, 241
163, 857, 506, 240
163, 857, 507, 241
163, 858, 506, 240
163, 858, 507, 242
163, 859, 502, 241
163, 859, 506, 240
163, 859, 506, 242
163, 859, 507, 240
163, 859, 507, 241
163, 859, 507, 242
163, 860, 507, 240
163, 861, 500, 241
163, 862, 500, 241
164, 858, 500, 242
164, 859, 500, 242
164, 860, 500, 242
164, 860, 501, 242
165, 772, 664, 246
165, 772, 665, 246
165, 773, 664, 244
165, 773, 665, 244
165, 773, 665, 245
165, 773, 666, 245
165, 774, 664, 245
165, 774, 665, 244
165, 774, 666, 244
165, 774, 667, 245
165, 774, 667, 246
165, 774, 669, 244
165, 774, 671, 244
165, 774, 671, 245
165, 774, 671, 246
165, 775, 664, 244
165, 775, 664, 246
165, 775, 665, 245
165, 775, 666, 246
165, 775, 670, 244
165, 775, 670, 245
165, 776, 664, 245
165, 776, 670, 244
165, 776, 671, 244
165, 776, 671, 245
166, 234, 687, 246
167, 237, 686, 246
168, 236, 680, 246
169, 135, 408, 254
169, 135, 408, 255
169, 135, 409, 254
169, 135, 414, 256
169, 135, 415, 254
169, 135, 415, 255
169, 136, 408, 256
169, 136, 408, 257
169, 136, 410, 254
169, 136, 413, 256
169, 136, 414, 253
169, 136, 414, 254
169, 136, 415, 256
169, 136, 415, 257
169, 137, 408, 256
169, 137, 408, 257
169, 137, 409, 257
169, 137, 414, 253
169, 137, 414, 257
169, 137, 415, 252
169, 137, 415, 253
169, 137, 415, 257
169, 138, 409, 256
169, 138, 411, 254
169, 138, 411, 255
169, 138, 411, 256
169, 138, 414, 252
169, 138, 415, 254
169, 138, 415, 255
169, 138, 415, 256
169, 139, 408, 254
169, 139, 409, 256
169, 139, 410, 254
169, 139, 410, 255
169, 139, 410, 256
169, 140, 408, 255
169, 140, 410, 255
170, 136, 408, 252
170, 136, 408, 253
170, 138, 408, 253
171, 137, 622, 255
172, 136, 410, 258
173, 483, 835, 298
173, 484, 834, 298
173, 484, 835, 298
174, 486, 827, 303
175, 486, 821, 303
176, 484, 820, 304
177, 483, 822, 305
178, 485, 823, 306
179, 278, 181, 320
180, 151, 215, 330
181, 779, 707, 345
181, 780, 700, 344
181, 780, 700, 345
181, 780, 706, 345
181, 780, 707, 344
181, 782, 705, 343
181, 782, 707, 343
181, 783, 705, 343
181, 784, 700, 344
181, 784, 706, 344
181, 785, 701, 345
181, 785, 706, 345
181, 785, 707, 343
181, 785, 707, 344
181, 786, 700, 345
181, 786, 707, 345
182, 781, 700, 343
183, 562, 61, 343
183, 563, 60, 343
183, 563, 62, 343
183, 564, 61, 343
184, 562, 60, 344
184, 562, 62, 344
184, 564, 60, 344
184, 564, 64, 344
184, 564, 67, 344
185, 778, 706, 346
185, 778, 707, 346
185, 779, 700, 346
185, 779, 705, 346
185, 779, 705, 347
185, 779, 706, 348
185, 779, 707, 347
185, 779, 707, 348
185, 780, 700, 347
185, 780, 700, 348
185, 780, 700, 349
185, 780, 704, 347
185, 780, 705, 348
185, 780, 707, 349
185, 780, 707, 350
185, 781, 706, 350
185, 781, 707, 346
185, 781, 707, 350
185, 782, 700, 350
185, 782, 708, 346
185, 782, 711, 346
185, 783, 700, 349
185, 783, 700, 350
185, 783, 701, 348
185, 783, 705, 348
185, 783, 706, 349
185, 783, 707, 346
185, 784, 700, 347
185, 784, 700, 348
185, 784, 706, 346
185, 784, 706, 348
185, 784, 707, 346
185, 784, 707, 347
185, 784, 707, 348
185, 784, 707, 349
185, 785, 700, 346
185, 785, 705, 346
186, 562, 61, 346
186, 563, 61, 346
186, 564, 60, 346
186, 564, 63, 346
187, 563, 62, 347
188, 790, 196, 359
189, 471, 690, 377
189, 472, 689, 376
189, 472, 689, 377
189, 472, 689, 378
189, 472, 690, 375
189, 472, 690, 376
189, 472, 690, 378
189, 473, 688, 376
189, 473, 689, 377
189, 473, 690, 375
189, 473, 690, 376
189, 473, 690, 377
189, 474, 688, 374
189, 474, 688, 375
189, 474, 688, 377
189, 474, 690, 373
189, 474, 691, 375
189, 474, 691, 376
189, 474, 691, 377
189, 474, 692, 374
189, 474, 695, 374
189, 474, 695, 375
189, 474, 695, 376
189, 474, 695, 377
189, 475, 688, 373
189, 475, 688, 377
189, 475, 689, 373
189, 475, 689, 377
189, 475, 691, 374
189, 476, 688, 374
189, 476, 688, 376
189, 476, 689, 373
189, 476, 689, 374
189, 476, 689, 375
189, 476, 690, 373
189, 476, 690, 377
189, 476, 691, 374
189, 476, 693, 375
189, 476, 693, 376
189, 476, 693, 377
189, 477, 688, 375
189, 477, 690, 374
189, 477, 694, 375
189, 477, 694, 376
189, 477, 694, 377
189, 477, 695, 375
189, 477, 695, 376
189, 477, 695, 377
189, 478, 690, 374
190, 474, 694, 378
190, 476, 694, 378
191, 375, 683, 383
191, 377, 683, 383
192, 373, 680, 386
192, 373, 682, 384
192, 373, 682, 385
192, 373, 683, 384
192, 373, 683, 385
192, 374, 676, 385
192, 374, 676, 386
192, 374, 679, 386
192, 374, 680, 387
192, 374, 681, 385
192, 374, 681, 386
192, 374, 683, 385
192, 374, 683, 386
192, 374, 683, 387
192, 375, 676, 384
192, 375, 680, 384
192, 375, 680, 387
192, 375, 684, 385
192, 375, 684, 386
192, 375, 684, 387
192, 375, 686, 388
192, 375, 687, 385
192, 375, 687, 386
192, 375, 687, 387
192, 375, 687, 388
192, 376, 676, 384
192, 376, 676, 387
192, 376, 679, 387
192, 376, 680, 388
192, 376, 685, 388
192, 376, 687, 387
192, 376, 687, 388
192, 377, 677, 384
192, 377, 680, 384
192, 377, 688, 387
192, 377, 688, 388
192, 377, 691, 387
192, 377, 691, 388
192, 378, 677, 385
192, 378, 681, 384
192, 378, 681, 385
192, 378, 682, 384
192, 378, 684, 385
192, 378, 684, 386
192, 378, 687, 385
192, 378, 687, 386
192, 378, 687, 387
192, 378, 687, 388
192, 379, 676, 385
192, 379, 676, 386
192, 379, 676, 387
192, 379, 680, 387
192, 379, 681, 386
192, 379, 682, 385
192, 379, 683, 384
192, 379, 683, 385
192, 379, 685, 387
192, 379, 685, 388
192, 379, 687, 387
192, 379, 687, 388
192, 379, 687, 389
192, 380, 680, 388
192, 380, 681, 387
192, 380, 682, 386
192, 380, 684, 387
192, 380, 684, 388
193, 265, 119, 386
194, 381, 689, 389
195, 378, 684, 389
196, 470, 59, 427
197, 214, 238, 441
198, 899, 678, 474
199, 758, 157, 492
200, 784, 559, 493
200, 787, 559, 493
200, 787, 559, 494
201, 782, 556, 493
201, 782, 557, 493
201, 782, 557, 494
201, 783, 557, 494
201, 784, 557, 494
201, 784, 558, 494
202, 786, 553, 494
203, 513, 923, 515
204, 506, 914, 516
204, 507, 914, 516
204, 507, 915, 516
204, 507, 919, 516
204, 508, 912, 515
204, 508, 912, 516
204, 508, 913, 516
204, 508, 919, 515
204, 508, 919, 516
204, 509, 908, 516
204, 509, 911, 516
204, 509, 918, 515
204, 509, 920, 516
204, 509, 923, 516
204, 510, 912, 515
204, 510, 912, 516
204, 510, 918, 515
204, 511, 913, 515
204, 511, 917, 515
204, 512, 912, 515
204, 512, 918, 515
204, 512, 919, 515
204, 513, 912, 516
204, 513, 915, 516
204, 514, 916, 516
204, 516, 916, 516
204, 516, 922, 516
204, 517, 923, 516
205, 713, 133, 518
205, 714, 133, 515
205, 714, 133, 516
205, 714, 133, 517
205, 714, 133, 518
205, 714, 134, 515
205, 714, 134, 516
205, 715, 132, 515
205, 715, 133, 516
205, 715, 133, 517
205, 716, 132, 515
206, 489, 901, 518
206, 489, 905, 519
206, 489, 907, 519
206, 490, 900, 518
206, 490, 900, 519
206, 490, 901, 516
206, 490, 901, 517
206, 490, 902, 518
206, 490, 904, 519
206, 490, 907, 518
206, 491, 900, 517
206, 491, 901, 517
206, 491, 907, 517
206, 492, 902, 517
206, 492, 906, 517
206, 492, 907, 518
206, 492, 907, 519
206, 493, 904, 520
206, 493, 904, 521
206, 493, 908, 518
206, 493, 908, 519
206, 493, 910, 521
206, 493, 911, 518
206, 493, 911, 519
206, 493, 911, 520
206, 493, 911, 521
206, 494, 904, 520
206, 494, 904, 521
206, 494, 905, 521
206, 494, 909, 521
206, 494, 910, 522
206, 494, 911, 521
206, 494, 912, 519
206, 494, 912, 520
206, 494, 915, 519
206, 494, 915, 520
206, 495, 900, 520
206, 495, 900, 521
206, 495, 900, 522
206, 495, 903, 520
206, 495, 903, 521
206, 495, 909, 522
206, 495, 911, 522
206, 495, 912, 521
206, 495, 915, 521
206, 495, 915, 522
206, 497, 908, 523
206, 497, 914, 523
206, 497, 915, 522
206, 498, 915, 520
206, 498, 915, 521
206, 498, 915, 523
206, 498, 916, 522
206, 498, 919, 522
206, 498, 919, 523
206, 499, 900, 521
206, 499, 900, 522
206, 499, 903, 521
206, 499, 903, 522
206, 499, 908, 523
206, 499, 909, 523
206, 499, 915, 519
206, 499, 916, 520
206, 499, 916, 521
206, 499, 919, 520
206, 499, 919, 521
206, 500, 902, 517
206, 500, 904, 521
206, 500, 904, 522
206, 500, 906, 517
206, 500, 910, 523
206, 500, 911, 518
206, 500, 916, 519
206, 500, 919, 519
206, 501, 901, 517
206, 501, 907, 517
206, 501, 912, 518
206, 501, 919, 518
206, 501, 919, 520
206, 501, 919, 521
206, 501, 920, 519
206, 501, 923, 519
206, 502, 900, 517
206, 502, 904, 522
206, 502, 907, 517
206, 502, 907, 522
206, 502, 908, 517
206, 502, 910, 523
206, 502, 911, 517
206, 502, 914, 523
206, 502, 920, 520
206, 502, 920, 521
206, 502, 923, 520
206, 502, 923, 521
206, 503, 901, 517
206, 503, 908, 517
206, 503, 908, 522
206, 503, 915, 523
206, 503, 917, 523
206, 503, 919, 517
206, 504, 900, 518
206, 504, 900, 520
206, 504, 901, 517
206, 504, 903, 518
206, 504, 903, 520
206, 504, 908, 522
206, 504, 909, 522
206, 504, 911, 517
206, 504, 917, 517
206, 504, 918, 517
206, 504, 919, 518
206, 505, 904, 518
206, 505, 904, 520
206, 505, 910, 522
206, 505, 912, 517
206, 505, 916, 517
206, 505, 919, 523
206, 505, 920, 518
206, 505, 922, 518
206, 506, 900, 519
206, 506, 903, 519
206, 506, 904, 520
206, 506, 904, 521
206, 506, 907, 521
206, 506, 910, 522
206, 506, 913, 522
206, 506, 917, 522
206, 506, 919, 517
206, 506, 919, 522
206, 506, 923, 518
206, 507, 904, 519
206, 507, 905, 520
206, 507, 907, 520
206, 507, 908, 521
206, 507, 914, 522
206, 507, 916, 522
206, 507, 920, 517
206, 507, 921, 517
206, 508, 904, 519
206, 508, 907, 519
206, 508, 908, 520
206, 508, 922, 517
206, 508, 923, 517
206, 509, 904, 518
206, 509, 907, 518
206, 509, 908, 519
206, 509, 914, 522
206, 509, 916, 522
206, 509, 923, 518
206, 510, 908, 517
206, 510, 908, 518
206, 510, 908, 519
206, 510, 908, 520
206, 510, 908, 521
206, 510, 909, 518
206, 510, 909, 519
206, 510, 909, 520
206, 510, 911, 517
206, 510, 912, 521
206, 510, 923, 517
206, 510, 924, 518
206, 510, 927, 518
206, 511, 910, 518
206, 511, 910, 519
206, 511, 910, 520
206, 511, 911, 518
206, 511, 911, 520
206, 511, 912, 517
206, 511, 913, 521
206, 511, 918, 521
206, 511, 923, 518
206, 511, 923, 521
206, 511, 924, 517
206, 511, 927, 517
206, 512, 910, 519
206, 512, 911, 519
206, 512, 912, 518
206, 512, 912, 520
206, 512, 914, 521
206, 512, 917, 521
206, 512, 923, 517
206, 513, 912, 519
206, 513, 913, 521
206, 514, 912, 518
206, 514, 912, 519
206, 514, 915, 518
206, 514, 915, 519
206, 514, 918, 520
206, 514, 922, 520
206, 515, 912, 517
206, 515, 912, 520
206, 515, 915, 517
206, 515, 916, 518
206, 515, 917, 520
206, 515, 919, 519
206, 515, 923, 519
206, 515, 923, 520
206, 516, 916, 518
206, 516, 917, 518
206, 516, 917, 519
206, 516, 918, 517
206, 516, 918, 519
206, 516, 919, 518
206, 516, 923, 517
206, 516, 923, 518
206, 517, 917, 517
206, 517, 918, 518
207, 496, 900, 516
207, 497, 901, 516
207, 497, 902, 516
207, 497, 907, 516
207, 498, 901, 516
207, 499, 900, 516
207, 499, 901, 516
208, 507, 922, 522
208, 507, 923, 522
208, 508, 922, 522
209, 496, 904, 523
210, 873, 437, 545
211, 291, 205, 617
211, 291, 207, 616
211, 291, 207, 617
211, 292, 205, 617
211, 292, 206, 616
211, 292, 206, 618
211, 292, 207, 618
211, 293, 200, 617
211, 293, 200, 618
211, 293, 204, 617
211, 293, 205, 618
211, 293, 206, 616
211, 293, 207, 616
211, 293, 207, 617
211, 293, 207, 618
212, 291, 211, 618
213, 172, 278, 639
214, 477, 924, 763
215, 286, 888, 837
215, 286, 888, 838
215, 286, 888, 839
215, 286, 893, 840
215, 286, 894, 839
215, 286, 895, 838
215, 286, 895, 839
215, 286, 895, 840
215, 287, 888, 834
215, 287, 888, 835
215, 287, 888, 836
215, 287, 888, 837
215, 287, 888, 838
215, 287, 888, 840
215, 287, 889, 836
215, 287, 889, 838
215, 287, 889, 839
215, 287, 889, 840
215, 287, 892, 840
215, 287, 893, 839
215, 287, 894, 838
215, 288, 884, 833
215, 288, 884, 834
215, 288, 884, 836
215, 288, 884, 837
215, 288, 884, 838
215, 288, 885, 835
215, 288, 887, 834
215, 288, 887, 835
215, 288, 887, 836
215, 288, 887, 837
215, 288, 887, 838
215, 288, 888, 839
215, 288, 889, 833
215, 288, 889, 834
215, 288, 889, 835
215, 288, 889, 839
215, 288, 890, 834
215, 288, 890, 835
215, 288, 890, 836
215, 288, 890, 837
215, 288, 890, 840
215, 288, 891, 836
215, 288, 892, 837
215, 288, 892, 838
215, 288, 892, 839
215, 288, 893, 837
215, 288, 895, 838
215, 288, 895, 839
215, 288, 895, 840
215, 289, 884, 832
215, 289, 884, 835
215, 289, 885, 832
215, 289, 890, 833
215, 289, 891, 833
215, 289, 891, 834
215, 289, 891, 835
215, 289, 891, 837
215, 289, 891, 838
215, 289, 891, 839
215, 290, 885, 829
215, 290, 885, 838
215, 290, 886, 832
215, 290, 887, 831
215, 290, 889, 838
215, 290, 890, 832
215, 290, 891, 833
215, 290, 891, 839
215, 291, 880, 828
215, 291, 880, 829
215, 291, 880, 830
215, 291, 880, 831
215, 291, 883, 830
215, 291, 883, 831
215, 291, 884, 829
215, 291, 884, 838
215, 291, 885, 836
215, 291, 886, 828
215, 291, 886, 829
215, 291, 886, 831
215, 291, 886, 835
215, 291, 886, 837
215, 291, 887, 829
215, 291, 888, 831
215, 291, 888, 834
215, 291, 890, 836
215, 291, 890, 837
215, 291, 890, 838
215, 291, 891, 830
215, 291, 891, 831
215, 291, 891, 832
215, 291, 891, 834
215, 291, 891, 835
215, 291, 891, 838
215, 291, 892, 833
215, 291, 895, 833
215, 292, 884, 830
215, 292, 884, 831
215, 292, 884, 836
215, 292, 884, 837
215, 292, 884, 838
215, 292, 885, 827
215, 292, 885, 837
215, 292, 886, 828
215, 292, 887, 829
215, 292, 887, 834
215, 292, 891, 833
215, 292, 891, 836
215, 292, 891, 837
215, 293, 884, 834
215, 293, 884, 835
215, 293, 885, 827
215, 293, 885, 833
215, 293, 886, 832
215, 293, 886, 834
215, 293, 888, 829
215, 293, 891, 829
215, 293, 891, 832
215, 293, 891, 833
215, 294, 880, 826
215, 294, 881, 825
215, 294, 883, 827
215, 294, 884, 827
215, 294, 884, 832
215, 294, 884, 833
215, 294, 885, 826
215, 294, 885, 832
215, 294, 886, 827
215, 294, 886, 831
215, 294, 887, 834
215, 294, 888, 828
215, 294, 891, 827
215, 294, 891, 828
215, 294, 891, 831
215, 295, 880, 825
215, 295, 880, 827
215, 295, 880, 829
215, 295, 882, 825
215, 295, 882, 827
215, 295, 884, 829
215, 295, 884, 830
215, 295, 884, 831
215, 295, 885, 831
215, 295, 885, 832
215, 295, 886, 826
215, 295, 887, 825
215, 295, 887, 828
215, 295, 887, 830
215, 295, 887, 834
215, 295, 888, 829
215, 295, 891, 826
215, 295, 891, 828
215, 295, 891, 829
215, 295, 891, 830
215, 296, 880, 828
215, 296, 883, 828
215, 296, 885, 829
215, 296, 885, 830
215, 296, 886, 824
215, 296, 886, 828
215, 296, 886, 830
215, 296, 887, 824
215, 296, 887, 825
215, 296, 887, 829
215, 297, 884, 828
215, 297, 885, 828
215, 297, 885, 829
215, 297, 886, 824
215, 297, 887, 829
215, 297, 888, 825
215, 297, 891, 825
215, 297, 891, 826
215, 298, 881, 825
215, 298, 886, 828
215, 298, 887, 825
215, 298, 888, 826
215, 298, 890, 826
215, 299, 880, 825
215, 299, 885, 827
215, 299, 891, 827
215, 300, 880, 825
215, 300, 880, 826
215, 300, 880, 827
215, 300, 884, 827
215, 300, 886, 826
216, 294, 876, 827
217, 286, 895, 837
217, 287, 895, 836
217, 287, 895, 837
218, 289, 884, 839
219, 285, 893, 841
220, 545, 737, 902
220, 545, 738, 899
220, 546, 736, 901
220, 546, 737, 899
220, 546, 737, 900
220, 546, 737, 902
220, 546, 738, 902
220, 546, 739, 899
220, 546, 739, 900
220, 546, 739, 901
220, 546, 739, 902
220, 547, 732, 901
220, 547, 735, 901
220, 547, 736, 902
220, 547, 737, 903
220, 547, 739, 901
220, 547, 739, 902
220, 548, 732, 900
220, 548, 735, 900
220, 548, 736, 902
220, 548, 736, 903
220, 548, 737, 899
220, 548, 737, 903
220, 548, 737, 904
220, 548, 739, 898
220, 548, 739, 900
220, 548, 740, 901
220, 548, 740, 902
220, 548, 743, 901
220, 548, 743, 902
220, 549, 732, 902
220, 549, 735, 902
220, 549, 736, 899
220, 549, 736, 900
220, 549, 738, 903
220, 549, 739, 898
220, 549, 739, 899
220, 549, 740, 900
220, 549, 743, 900
220, 549, 743, 903
220, 550, 732, 901
220, 550, 732, 902
220, 550, 735, 901
220, 550, 735, 902
220, 550, 739, 899
220, 550, 739, 900
220, 550, 739, 903
220, 550, 740, 899
220, 550, 742, 899
220, 550, 743, 900
220, 550, 743, 903
220, 551, 736, 901
220, 551, 736, 903
220, 551, 738, 899
220, 551, 738, 900
220, 551, 738, 903
220, 551, 740, 902
220, 551, 743, 902
220, 552, 736, 899
220, 552, 736, 900
220, 552, 736, 901
220, 552, 737, 902
220, 552, 737, 903
220, 552, 738, 899
220, 552, 738, 900
220, 552, 738, 902
220, 552, 738, 903
220, 552, 739, 902
220, 552, 743, 901
220, 553, 737, 902
221, 550, 736, 898
221, 550, 737, 898
221, 551, 736, 898
221, 551, 737, 898
222, 549, 732, 898
223, 490, 244, 913
224, 571, 494, 921
225, 664, 389, 925
226, 559, 153, 928
226, 559, 155, 928
226, 560, 154, 927
226, 560, 154, 928
226, 562, 154, 928
226, 562, 155, 928
227, 556, 152, 930
227, 556, 154, 930
227, 557, 152, 929
227, 557, 152, 930
227, 557, 153, 929
227, 557, 154, 930
227, 558, 148, 930
227, 558, 151, 930
227, 558, 154, 929
227, 558, 154, 931
227, 558, 155, 929
227, 558, 155, 930
227, 558, 155, 931
227, 559, 152, 929
227, 559, 154, 931
227, 560, 148, 928
227, 560, 148, 929
227, 560, 151, 929
227, 560, 152, 931
227, 560, 153, 931
227, 561, 148, 930
227, 561, 152, 930
227, 561, 152, 931
227, 561, 155, 931
227, 562, 148, 929
227, 562, 152, 929
227, 562, 153, 930
227, 562, 154, 929
227, 562, 155, 929
227, 562, 155, 930
227, 563, 153, 929
228, 560, 154, 932
229, 770, 178, 963
230, 358, 909, 982
231, 796, 816, 983
232, 794, 178, 983
232, 794, 178, 984
233, 350, 82, 983
234, 859, 272, 984
235, 107, 261, 984
236, 763, 177, 984
237, 395, 930, 985
238, 893, 308, 985
239, 850, 242, 985
240, 169, 223, 985
241, 681, 182, 985
242, 794, 170, 985
243, 708, 152, 985
244, 698, 147, 985
245, 242, 130, 985
246, 645, 99, 985
247, 321, 89, 985
248, 625, 74, 985
248, 625, 74, 986
248, 626, 74, 985
249, 568, 59, 985
250, 387, 935, 986
251, 623, 898, 986
252, 857, 745, 986
253, 155, 717, 986
254, 104, 713, 986
255, 65, 581, 986
256, 120, 383, 986
257, 78, 371, 986
258, 81, 333, 986
259, 107, 261, 986
260, 840, 241, 986
261, 831, 227, 986
262, 168, 222, 986
263, 830, 220, 986
263, 831, 220, 986
264, 823, 213, 986
265, 814, 191, 986
265, 815, 191, 986
266, 183, 177, 986
267, 742, 130, 986
268, 708, 115, 986
269, 607, 106, 986
270, 472, 90, 986
271, 579, 85, 986
272, 562, 82, 986
273, 476, 69, 986
274, 478, 60, 986
